10 0.6634615384615384 0.12620192307692307 0.07692307692307693 0.07211538461538461
10 0.6790865384615384 0.6045673076923077 0.08173076923076923 0.09134615384615384
12 0.42908653846153844 0.12379807692307693 0.07211538461538461 0.038461538461538464
12 0.4375 0.36778846153846156 0.07692307692307693 0.057692307692307696
12 0.45552884615384615 0.9483173076923077 0.07692307692307693 0.04326923076923077
11 0.49759615384615385 0.3737980769230769 0.375 0.07211538461538461
3 0.5240384615384616 0.25 0.47596153846153844 0.44711538461538464
13 0.5324519230769231 0.2512019230769231 0.4807692307692308 0.4495192307692308
11 0.5444711538461539 0.8377403846153846 0.39903846153846156 0.09615384615384616
3 0.5504807692307693 0.7379807692307693 0.5288461538461539 0.5048076923076923
13 0.5540865384615384 0.7355769230769231 0.5480769230769231 0.5048076923076923