10 0.8737980769230769 0.6634615384615384 0.07211538461538461 0.07692307692307693
10 0.3954326923076923 0.6790865384615384 0.09134615384615384 0.08173076923076923
12 0.8762019230769231 0.42908653846153844 0.038461538461538464 0.07211538461538461
12 0.6322115384615384 0.4375 0.057692307692307696 0.07692307692307693
12 0.051682692307692304 0.45552884615384615 0.04326923076923077 0.07692307692307693
11 0.6262019230769231 0.49759615384615385 0.07211538461538461 0.375
3 0.75 0.5240384615384616 0.44711538461538464 0.47596153846153844
13 0.7487980769230769 0.5324519230769231 0.4495192307692308 0.4807692307692308
11 0.1622596153846154 0.5444711538461539 0.09615384615384616 0.39903846153846156
3 0.2620192307692308 0.5504807692307693 0.5048076923076923 0.5288461538461539
13 0.2644230769230769 0.5540865384615384 0.5048076923076923 0.5480769230769231