10 0.33653846153846156 0.8737980769230769 0.07692307692307693 0.07211538461538461
10 0.32091346153846156 0.3954326923076923 0.08173076923076923 0.09134615384615384
12 0.5709134615384616 0.8762019230769231 0.07211538461538461 0.038461538461538464
12 0.5625 0.6322115384615384 0.07692307692307693 0.057692307692307696
12 0.5444711538461539 0.051682692307692304 0.07692307692307693 0.04326923076923077
11 0.5024038461538461 0.6262019230769231 0.375 0.07211538461538461
3 0.47596153846153844 0.75 0.47596153846153844 0.44711538461538464
13 0.4675480769230769 0.7487980769230769 0.4807692307692308 0.4495192307692308
11 0.45552884615384615 0.1622596153846154 0.39903846153846156 0.09615384615384616
3 0.4495192307692308 0.2620192307692308 0.5288461538461539 0.5048076923076923
13 0.44591346153846156 0.2644230769230769 0.5480769230769231 0.5048076923076923